00100000000100000000000000000101
00000000000100000010000000100000
00001100000000000000000000000101
00000000000000101000100000100000
00001000000000000000000000011101
00100011101010001111111111111000
00100001000111010000000000000000
10101111101001000000000000000000
10101111101111110000000000000100
00101000100010000000000000000001
00010001000000000000000000001000
10001111101111110000000000000100
10001111101001000000000000000000
00000000000000000001000000100000
00100011101010000000000000001000
00100001000111010000000000000000
00000011111000000000000000001000
00000000000000001000100000100000
00000000000000001000000000100000
00100000100010001111111111111111
00100001000001000000000000000000
00001100000000000000000000000101
10001111101001000000000000000000
10001111101111110000000000000100
00000000100000100100000000100000
00100001000000100000000000000000
00100011101010000000000000001000
00100001000111010000000000000000
00000011111000000000000000001000
