00100010000010000000000000000000
10101100000010000000000000000000
00100010000010000000000000000001
10101100000010000000000000000100
00100010000010000000000000000010
10101100000010000000000000001000
00100010000010000000000000000011
10101100000010000000000000001100
00100010000010000000000000000100
10101100000010000000000000010000
00100010000010000000000000000101
10101100000010000000000000010100
00100010000100000000000000000010
00100010001101110000000000000000
00000000000100000100000010000000
00000010111010000100000000100000
10001101000100010000000000000000
10001101111100100000000000010100
